image_width: 640
image_height: 480
camera_name: narrow_stereo
camera_matrix:
  rows: 3
  cols: 3
  data: [657.424937, 0.000000, 340.101372, 0.000000, 657.593138, 241.353806, 0.000000, 0.000000, 1.000000]
distortion_model: plumb_bob
distortion_coefficients:
  rows: 1
  cols: 5
  data: [0.063388, -0.102981, -0.001251, 0.001187, 0.000000]
rectification_matrix:
  rows: 3
  cols: 3
  data: [1.000000, 0.000000, 0.000000, 0.000000, 1.000000, 0.000000, 0.000000, 0.000000, 1.000000]
projection_matrix:
  rows: 3
  cols: 4
  data: [664.200562, 0.000000, 340.762806, 0.000000, 0.000000, 664.671692, 240.865727, 0.000000, 0.000000, 0.000000, 1.000000, 0.000000]
