# oST version 5.0 parameters


[image]

width
640

height
480

[narrow_stereo]

camera matrix
657.424937 0.000000 340.101372
0.000000 657.593138 241.353806
0.000000 0.000000 1.000000

distortion
0.063388 -0.102981 -0.001251 0.001187 0.000000

rectification
1.000000 0.000000 0.000000
0.000000 1.000000 0.000000
0.000000 0.000000 1.000000

projection
664.200562 0.000000 340.762806 0.000000
0.000000 664.671692 240.865727 0.000000
0.000000 0.000000 1.000000 0.000000

